robot_starting_configuration: [-0.01705983066682163, -3.148813367501464e-17, 1.049582128292853, -7.99996190237476e-18, 1.57961532196624e-17, -4.587912943404954e-18, 1, -1.846158723691076e-17, 6.866221834243867e-17, -0.5480709501182928, 1.065798982152375, -0.5177280320340828, -1.11527166953887e-16, 1.287063712561247e-17, -1.139475642619538e-16, -0.5097528337565596, 1.066167527269594, -0.5564146935130343, 8.304934056980671e-17, 2.60334733643121e-18, 8.714531389280562e-18, -4.001855395951557e-18, -0.2, -1.1, 3.770840241675198e-17, -0.4, 1.5, -3.859669488120802e-18, -7.624560224652813e-18, 0, 1.095289673890459e-18, 0, 0.07000000000000001, 1.19, -1.754896196359483e-17, 1.6, -0.37, 1.989094063134268e-18, 3.376273917836614e-18]
hinge_position:
  x: 0.2906324819914322
  y: -1.098790972247877
  z: 1.032370851509724
hinge_orientation:
  x: -0.005206922816174048
  y: 0.02141242710980293
  z: 0.00553906827407491
  w: 0.9997418239939294