robot_starting_configuration: [1.024112067957222, 0.7396998852892777, 1.1003159729102, 5.904039161375916e-10, -3.295842476302995e-09, 0.07530446805316379, 0.9971605874136974, -3.795239579211611e-05, -0.02152585613807988, -0.3521088204985953, 0.8036691397051441, -0.4515603161200594, 0.02152585868087314, 3.795249012147314e-05, 0.009039614478080282, -0.3513641232078135, 0.8017350101143508, -0.4503708899924377, -0.009039617020873544, 0.1411653500423006, -0.0102346910769562, -0.114151979447606, -0.2, -1.1, 0, -0.4, 1.5, 0, 0, 0, 0, 0, -0.247764283831791, 1.519, -0.3185540578030878, 1.316975183342028, -0.0766170151003467, 0.02761570527329855, -0.04305992664406548]
hinge_position:
  x: 1.5
  y: -0.5
  z: 1.125
hinge_orientation:
  x: 0
  y: 0
  z: 0.7071067811865476
  w: 0.7071067811865476