robot_starting_configuration: [-0.01743067903923036, -5.787224387992715e-17, 1.047511196994733, -6.967862793905669e-18, 5.08938421431898e-17, -9.514308301439102e-18, 1, 9.874697369194504e-18, -2.721842811577512e-17, -0.5531952581057389, 1.075271197495172, -0.5220759393894328, 7.09389462726849e-17, -7.217927871316188e-18, -1.374024555637755e-17, -0.5148039642084208, 1.075713296051986, -0.5609093318435656, 8.868666742214251e-17, -2.952413126981064e-17, 1.882045939798501e-17, 5.285423330354169e-18, 0.06999999999999999, -1.19, 1.218642000649352e-17, -1.6, -0.37, -9.139937255707322e-18, -4.222300338269056e-18, 0, -1.490963862558497e-17, -1.097527948947949e-18, 0.0700000000000001, 1.19, 6.206324382562506e-17, 1.6, -0.3700000000000001, 5.091160142858963e-16, -3.189852014987284e-16]
cart_fixed_frame_position:
  x: 0.2650014060152076
  y: 1.187410737466501
  z: 1.007013018549302
cart_fixed_frame_orientation:
  x: -0.005206922816173798
  y: 0.02141242710980334
  z: 0.005539068274075076
  w: 0.9997418239939295