radius: 0.8
door_open_angle: 1.57
pose_spacing: 0.05
hinge_fixed_frame_position: #translastion of the fixed frame
  x: 0.2906324819914322
  y: -1.098790972247877
  z: 1.032370851509724
hinge_fixed_frame_orientation: # only to be rotated about the z axis
  x: -0.005206922816174048
  y: 0.02141242710980293
  z: 0.00553906827407491
  w: 0.9997418239939294
hand_initial_orientation: # wrt the fixed frame orientation (rotated about world z)
  x: 0.5
  y: -0.5
  z: 0.5
  w: 0.5